,Device Model,Operating System,App Usage Time (min/day),Screen On Time (hours/day),Battery Drain (mAh/day),Number of Apps Installed,Data Usage (MB/day),Age,Gender,User Behavior Class
0,0,0,393,6.4,1872,67,1122,40,1,4
1,1,0,268,4.7,1331,42,944,47,0,3
2,3,0,154,4.0,761,32,322,42,1,2
3,0,0,239,4.8,1676,56,871,20,1,3
4,4,1,187,4.3,1367,58,988,31,0,3
5,0,0,99,2.0,940,35,564,31,1,2
6,2,0,350,7.3,1802,66,1054,21,0,4
7,1,0,543,11.4,2956,82,1702,31,1,5
8,2,0,340,7.7,2138,75,1053,42,0,4
9,4,1,424,6.6,1957,75,1301,42,1,4
10,0,0,53,1.4,435,17,162,34,0,1
11,1,0,215,5.5,1690,47,641,24,1,3
12,1,0,462,6.2,2303,65,1099,57,0,4
13,3,0,215,4.9,1662,43,857,43,1,3
14,4,1,189,5.4,1754,53,779,49,0,3
15,0,0,503,10.4,2571,84,2025,39,0,5
16,1,0,132,3.6,628,32,344,47,0,2
17,4,1,299,5.8,1431,41,985,44,0,3
18,0,0,81,1.4,558,16,297,26,0,1
19,4,1,577,8.5,2774,89,2192,29,0,5
20,2,0,93,2.6,681,37,302,45,0,2
21,1,0,576,11.6,2803,82,1553,43,0,5
22,2,0,423,6.5,2094,65,1372,23,0,4
23,0,0,292,5.6,1401,46,949,37,0,3
24,1,0,216,4.0,1711,59,748,58,1,3
25,2,0,91,3.4,1073,38,451,52,1,2
26,4,1,444,7.6,2372,77,1002,29,1,4
27,0,0,512,10.5,2409,89,1599,33,1,5
28,1,0,452,6.8,2387,77,1456,55,0,4
29,2,0,412,6.2,1899,78,1384,19,0,4
30,3,0,260,6.0,1361,44,889,37,0,3
31,3,0,197,4.6,1660,59,975,25,1,3
32,0,0,278,4.7,1484,55,917,21,1,3
33,0,0,46,2.0,457,14,105,58,1,1
34,3,0,593,10.2,2499,81,1616,38,0,5
35,2,0,32,1.2,580,19,153,20,0,1
36,4,1,122,3.3,755,30,573,26,1,2
37,2,0,522,11.2,2808,93,2328,24,1,5
38,1,0,473,6.4,2312,74,1400,40,1,4
39,2,0,398,6.2,1851,77,1180,23,1,4
40,3,0,240,4.7,1464,52,708,56,0,3
41,1,0,576,10.1,2447,83,2323,33,1,5
42,2,0,120,2.1,720,39,392,43,1,2
43,2,0,152,3.7,993,32,429,18,1,2
44,3,0,138,2.4,837,21,572,56,0,2
45,3,0,502,10.9,2476,96,1935,39,1,5
46,1,0,558,8.4,2447,97,1594,22,0,5
47,2,0,138,3.6,889,25,323,27,0,2
48,0,0,580,8.2,2623,90,2262,49,1,5
49,1,0,589,8.7,2736,82,1997,49,1,5
50,3,0,452,7.4,2180,61,1417,54,0,4
51,3,0,245,5.9,1243,52,885,29,1,3
52,2,0,125,2.7,690,28,393,27,0,2
53,3,0,97,2.2,1101,38,375,53,1,2
54,0,0,516,8.7,2857,83,2189,53,0,5
55,4,1,68,1.6,450,14,111,30,1,1
56,1,0,64,1.1,572,10,161,42,0,1
57,1,0,539,8.4,2796,89,2415,26,1,5
58,3,0,428,7.0,2306,75,1144,22,1,4
59,4,1,325,7.1,2269,64,1053,56,1,4
60,3,0,522,11.9,2798,85,1663,28,0,5
61,3,0,309,7.5,2292,77,1253,57,0,4
62,3,0,79,1.9,493,14,128,55,1,1
63,3,0,545,11.5,2911,87,1717,21,0,5
64,2,0,459,7.0,1982,67,1091,43,1,4
65,4,1,225,4.0,1420,48,917,56,1,3
66,4,1,257,4.5,1705,57,912,55,1,3
67,3,0,134,4.0,773,35,449,28,0,2
68,4,1,516,10.2,2932,98,1547,31,1,5
69,0,0,82,1.7,558,16,284,29,0,1
70,2,0,452,7.2,1808,64,1090,45,0,4
71,4,1,521,9.0,2902,97,1701,37,1,5
72,0,0,457,6.3,2347,66,1082,22,1,4
73,3,0,31,1.1,585,11,208,50,0,1
74,4,1,47,2.0,476,14,125,39,1,1
75,3,0,229,5.7,1305,43,985,23,0,3
76,3,0,34,2.0,558,14,122,54,0,1
77,0,0,173,2.5,678,29,301,30,0,2
78,2,0,78,1.8,333,17,138,51,0,1
79,0,0,230,5.7,1254,52,989,34,0,3
80,1,0,565,10.6,2475,99,1603,51,0,5
81,4,1,172,2.8,1035,22,549,41,1,2
82,3,0,330,7.2,2363,77,1133,21,0,4
83,3,0,39,1.8,368,11,105,19,1,1
84,0,0,223,4.5,1311,56,695,33,0,3
85,0,0,404,7.4,2081,63,1352,44,1,4
86,2,0,151,2.4,1003,25,392,39,1,2
87,2,0,34,1.5,345,11,276,44,1,1
88,3,0,137,3.3,839,31,348,34,0,2
89,2,0,301,6.2,2053,75,1303,45,1,4
90,0,0,116,2.1,912,39,307,40,0,2
91,0,0,291,4.1,1474,46,827,32,0,3
92,4,1,84,1.4,501,16,284,56,0,1
93,4,1,134,2.5,1125,24,367,35,1,2
94,2,0,411,7.5,2169,72,1083,58,1,4
95,3,0,326,7.2,2243,73,1454,50,1,4
96,4,1,550,9.5,2916,91,1946,20,1,5
97,1,0,516,12.0,2406,82,1968,28,0,5
98,0,0,59,1.2,361,18,293,25,0,1
99,1,0,225,5.5,1526,44,875,50,0,3
100,0,0,41,1.1,389,15,136,53,1,1
101,1,0,183,4.1,1210,45,738,19,1,3
102,0,0,174,2.5,929,37,565,32,0,2
103,3,0,274,4.2,1781,52,934,28,1,3
104,3,0,166,2.8,1113,28,360,25,1,2
105,3,0,66,1.2,585,12,264,36,1,1
106,0,0,152,2.7,642,38,596,55,1,2
107,0,0,54,1.4,403,17,278,23,0,1
108,3,0,187,5.5,1754,55,711,50,0,3
109,1,0,216,6.0,1641,41,889,39,0,3
110,1,0,95,3.8,718,26,459,41,0,2
111,3,0,488,8.6,2447,84,2344,19,1,5
112,0,0,295,5.1,1483,45,748,27,0,3
113,2,0,136,3.2,818,33,404,42,1,2
114,3,0,471,7.9,2156,76,1324,54,0,4
115,4,1,121,3.2,651,34,596,39,1,2
116,4,1,75,1.2,409,13,281,18,1,1
117,4,1,220,5.2,1631,49,909,27,0,3
118,2,0,82,1.6,590,13,124,28,0,1
119,0,0,97,2.7,1018,37,428,41,1,2
120,2,0,388,6.6,2085,71,1150,45,0,4
121,1,0,529,8.7,2484,89,2189,39,0,5
122,0,0,584,10.0,2541,99,2391,49,0,5
123,0,0,529,8.1,2686,96,1924,35,1,5
124,0,0,227,5.1,1702,57,714,21,1,3
125,2,0,535,11.8,2858,99,2378,50,1,5
126,4,1,332,7.4,2149,68,1321,20,0,4
127,0,0,252,4.2,1439,45,667,50,0,3
128,3,0,125,2.5,678,34,465,31,1,2
129,3,0,97,3.3,751,39,412,36,0,2
130,0,0,540,10.8,2923,90,1886,40,1,5
131,3,0,320,7.2,2056,69,1226,52,0,4
132,0,0,176,3.6,1193,30,458,40,0,2
133,2,0,79,1.0,313,18,139,42,1,1
134,3,0,83,1.6,303,19,285,51,1,1
135,4,1,555,11.3,2528,90,1856,55,0,5
136,2,0,66,1.7,375,16,216,39,1,1
137,3,0,237,4.5,1368,42,868,24,0,3
138,2,0,497,9.7,2876,94,2076,18,1,5
139,0,0,516,11.1,2429,91,1796,53,1,5
140,3,0,219,5.2,1510,42,655,50,0,3
141,0,0,448,6.3,2044,71,1337,51,1,4
142,4,1,156,2.2,896,37,429,57,0,2
143,2,0,68,1.1,528,12,201,29,1,1
144,4,1,524,11.2,2417,90,2069,29,0,5
145,4,1,188,5.3,1281,45,974,35,1,3
146,2,0,443,7.4,2289,73,1026,33,1,4
147,3,0,52,1.6,385,19,234,24,1,1
148,1,0,228,4.2,1677,58,823,56,1,3
149,0,0,149,3.7,873,34,459,51,1,2
150,4,1,523,9.4,2583,92,1539,21,1,5
151,2,0,42,1.6,315,19,207,52,0,1
152,0,0,120,2.0,741,38,396,56,0,2
153,1,0,329,7.5,2277,72,1185,27,0,4
154,3,0,68,1.5,364,10,102,31,0,1
155,3,0,158,3.4,893,36,493,32,1,2
156,3,0,86,1.7,439,19,136,54,1,1
157,3,0,339,7.8,2102,71,1062,51,1,4
158,2,0,304,6.5,2375,79,1493,51,1,4
159,3,0,131,2.4,859,26,305,40,1,2
160,2,0,64,1.6,540,19,262,35,0,1
161,3,0,53,1.9,526,15,112,42,1,1
162,0,0,442,7.7,2067,69,1440,45,1,4
163,4,1,32,2.0,469,18,139,22,1,1
164,3,0,278,4.8,1238,48,851,43,0,3
165,3,0,540,8.4,2993,98,1540,49,0,5
166,0,0,595,11.3,2968,88,2366,30,1,5
167,0,0,35,1.5,467,10,158,58,1,1
168,0,0,225,5.4,1370,44,791,55,0,3
169,0,0,587,11.8,2431,90,1894,47,1,5
170,3,0,92,3.7,1124,27,524,44,1,2
171,0,0,46,1.1,487,17,208,23,1,1
172,1,0,153,2.8,935,25,578,37,0,2
173,4,1,368,6.6,1817,72,1406,27,0,4
174,3,0,51,1.6,509,11,113,29,0,1
175,0,0,279,5.2,1660,47,629,50,0,3
176,3,0,255,5.4,1738,42,826,21,1,3
177,2,0,193,5.7,1471,51,972,31,0,3
178,3,0,207,5.7,1582,52,692,38,1,3
179,4,1,539,11.9,2853,83,2007,55,1,5
180,1,0,151,2.4,1124,38,571,33,1,2
181,0,0,474,6.4,2109,68,1079,24,1,4
182,4,1,544,9.2,2936,83,2416,47,0,5
183,4,1,73,1.2,308,15,275,39,0,1
184,3,0,597,10.4,2984,91,1564,34,0,5
185,0,0,498,10.7,2738,94,1995,42,1,5
186,4,1,402,7.8,2014,79,1088,34,0,4
187,1,0,75,1.1,379,15,185,37,1,1
188,4,1,130,2.0,602,21,589,30,0,2
189,2,0,42,1.1,402,11,265,32,0,1
190,4,1,134,2.2,917,23,423,23,1,2
191,0,0,79,1.9,477,13,161,24,1,1
192,4,1,432,7.2,1822,63,1127,59,0,4
193,4,1,262,4.1,1287,52,997,36,1,3
194,2,0,473,6.4,2109,79,1300,23,0,4
195,0,0,202,4.7,1512,49,659,45,0,3
196,1,0,215,4.4,1407,41,991,47,1,3
197,1,0,151,3.7,1116,32,320,41,0,2
198,1,0,80,1.6,549,14,197,19,1,1
199,3,0,126,2.8,971,32,431,35,0,2
200,2,0,495,8.9,2920,84,2252,31,0,5
201,4,1,127,3.7,1153,35,314,37,0,2
202,3,0,88,1.3,327,11,262,22,1,1
203,0,0,69,1.6,463,16,146,27,1,1
204,1,0,100,3.3,961,21,433,25,1,2
205,3,0,301,6.5,2084,71,1421,29,1,4
206,0,0,78,1.7,455,15,207,37,0,1
207,0,0,163,3.1,620,21,419,23,1,2
208,1,0,539,9.3,2606,92,1990,41,1,5
209,0,0,278,4.6,1385,47,823,40,0,3
210,2,0,451,6.1,2108,76,1434,25,0,4
211,2,0,481,10.9,2752,86,2017,18,1,5
212,2,0,133,3.4,714,38,445,25,1,2
213,3,0,41,1.1,588,10,246,22,1,1
214,4,1,152,3.3,1175,29,461,42,0,2
215,1,0,553,8.4,2559,89,2471,51,1,5
216,4,1,402,6.9,2282,78,1397,40,1,4
217,1,0,555,9.5,2855,95,1565,24,1,5
218,4,1,499,9.6,2873,81,1805,52,0,5
219,3,0,101,3.2,603,28,417,43,1,2
220,1,0,433,6.8,2093,75,1300,32,1,4
221,1,0,133,2.0,1007,31,417,32,1,2
222,3,0,351,6.1,1941,79,1290,21,0,4
223,2,0,532,10.7,2556,83,2148,53,0,5
224,1,0,92,2.5,690,31,563,27,1,2
225,3,0,511,10.8,2712,97,2438,59,0,5
226,3,0,384,7.0,2185,72,1376,59,1,4
227,4,1,193,5.2,1318,49,626,32,0,3
228,2,0,132,3.8,649,25,368,41,1,2
229,2,0,360,7.3,1946,79,1164,50,1,4
230,4,1,159,2.3,1083,32,526,38,1,2
231,4,1,495,8.9,2855,91,2150,31,1,5
232,3,0,537,10.0,2720,83,1763,35,1,5
233,1,0,129,3.4,1059,27,580,36,0,2
234,4,1,132,3.8,636,28,529,53,1,2
235,3,0,37,1.4,369,18,295,19,0,1
236,2,0,524,8.9,2549,88,1730,20,0,5
237,1,0,425,6.9,2142,66,1130,19,0,4
238,1,0,64,1.7,585,13,107,53,1,1
239,4,1,573,10.8,2711,96,2118,33,0,5
240,0,0,45,1.7,302,16,191,57,0,1
241,3,0,564,11.7,2764,81,2133,37,0,5
242,1,0,162,3.5,761,36,338,51,1,2
243,2,0,451,6.5,2378,69,1341,44,1,4
244,1,0,30,1.3,479,16,253,35,1,1
245,2,0,202,5.0,1542,45,844,29,1,3
246,0,0,71,1.5,590,17,257,33,1,1
247,0,0,314,6.2,2205,63,1066,19,1,4
248,3,0,168,4.0,866,22,581,50,0,2
249,0,0,75,1.9,537,13,230,58,0,1
250,1,0,42,1.4,324,13,272,29,0,1
251,1,0,441,7.9,2332,78,1477,23,0,4
252,0,0,523,10.5,2460,99,1787,22,1,5
253,3,0,100,2.4,982,31,478,48,0,2
254,1,0,52,1.2,398,14,172,24,0,1
255,1,0,397,7.0,2352,77,1101,46,0,4
256,3,0,424,7.7,1863,65,1116,52,1,4
257,3,0,272,5.0,1655,45,686,19,0,3
258,3,0,201,4.0,1791,50,914,18,1,3
259,3,0,570,9.0,2613,98,2497,49,0,5
260,3,0,64,1.3,490,14,151,43,0,1
261,4,1,334,6.6,2394,68,1227,46,0,4
262,4,1,518,9.6,2954,93,2125,34,0,5
263,2,0,70,1.7,359,10,109,57,1,1
264,4,1,334,6.8,2000,77,1079,40,0,4
265,3,0,563,8.4,2849,85,1508,25,1,5
266,4,1,181,4.1,1608,43,752,22,0,3
267,1,0,584,9.4,2766,84,2151,32,1,5
268,2,0,208,4.7,1642,45,861,55,1,3
269,2,0,381,6.6,2160,69,1450,20,1,4
270,3,0,426,6.5,1969,78,1266,53,0,4
271,1,0,284,4.2,1360,56,888,51,1,3
272,0,0,105,2.2,1002,29,453,31,0,2
273,0,0,179,2.3,1014,32,588,38,1,2
274,4,1,122,2.6,639,37,568,35,1,2
275,1,0,501,11.9,2702,88,1738,49,1,5
276,3,0,269,5.9,1666,42,629,32,0,3
277,0,0,230,4.4,1607,52,878,54,1,3
278,3,0,85,1.6,417,12,122,47,1,1
279,2,0,411,7.8,2029,75,1136,33,0,4
280,2,0,73,1.7,403,12,163,51,1,1
281,3,0,39,1.7,530,11,268,26,0,1
282,4,1,386,7.7,2114,72,1209,51,1,4
283,0,0,49,1.3,542,16,169,54,0,1
284,0,0,411,6.9,1820,70,1024,43,1,4
285,1,0,534,10.8,2805,90,1538,37,1,5
286,2,0,314,7.4,2136,64,1376,47,0,4
287,3,0,211,4.0,1519,54,811,29,0,3
288,1,0,121,3.7,619,36,473,47,1,2
289,0,0,84,1.2,415,10,146,50,1,1
290,1,0,448,7.6,2199,66,1047,28,1,4
291,0,0,55,1.6,360,19,149,30,1,1
292,0,0,59,1.8,497,10,208,36,0,1
293,3,0,226,4.5,1781,45,649,27,0,3
294,2,0,580,8.5,2660,87,1795,52,1,5
295,1,0,65,1.8,481,18,130,41,1,1
296,1,0,458,6.6,2214,67,1163,31,0,4
297,4,1,170,2.7,805,26,344,53,0,2
298,4,1,264,5.2,1641,44,778,44,1,3
299,3,0,122,3.3,748,35,499,59,0,2
300,3,0,420,6.5,2113,65,1314,35,1,4
301,4,1,267,4.4,1505,59,971,38,0,3
302,4,1,469,6.0,2290,67,1086,34,0,4
303,4,1,541,11.4,2443,89,1923,34,0,5
304,4,1,155,2.9,1117,22,322,19,0,2
305,1,0,106,2.8,686,32,594,27,1,2
306,1,0,243,5.0,1232,47,877,43,1,3
307,1,0,410,7.5,2176,68,1213,45,0,4
308,4,1,285,5.1,1226,57,666,20,0,3
309,1,0,397,6.8,2027,66,1167,40,1,4
310,2,0,230,4.2,1507,51,868,25,0,3
311,4,1,341,7.2,2397,68,1055,32,0,4
312,0,0,132,2.9,1054,32,563,20,1,2
313,3,0,130,3.0,820,21,308,49,0,2
314,4,1,281,4.9,1566,59,632,29,1,3
315,1,0,74,2.0,320,11,103,55,0,1
316,1,0,299,4.3,1737,43,953,42,0,3
317,0,0,116,2.2,827,29,434,28,0,2
318,1,0,408,6.6,2026,63,1076,47,0,4
319,0,0,508,11.3,2590,81,2481,51,1,5
320,4,1,227,4.4,1275,56,984,22,0,3
321,0,0,274,6.0,1489,56,666,57,0,3
322,0,0,347,6.3,2001,61,1456,21,0,4
323,3,0,76,1.3,490,14,156,31,0,1
324,4,1,445,7.5,2007,78,1115,23,1,4
325,1,0,203,4.3,1554,54,638,25,0,3
326,2,0,199,6.0,1707,57,881,55,1,3
327,1,0,48,2.0,574,18,127,24,0,1
328,1,0,88,1.6,420,12,274,31,0,1
329,4,1,541,8.3,2865,89,1820,42,0,5
330,0,0,233,4.6,1534,49,796,21,0,3
331,4,1,176,3.8,727,36,362,47,0,2
332,1,0,191,6.0,1762,45,904,54,1,3
333,0,0,461,7.5,2001,69,1324,34,0,4
334,2,0,37,1.5,375,18,246,46,0,1
335,1,0,531,9.8,2905,99,1632,45,0,5
336,2,0,473,7.9,2292,62,1472,44,1,4
337,2,0,30,1.3,561,15,252,34,1,1
338,4,1,306,6.1,2267,70,1449,46,1,4
339,4,1,64,1.2,590,13,155,30,1,1
340,4,1,75,1.0,435,13,223,43,1,1
341,4,1,597,10.3,2718,90,1863,26,0,5
342,4,1,529,10.5,2971,87,1683,56,1,5
343,4,1,290,6.0,1533,54,645,57,0,3
344,4,1,256,5.8,1309,52,840,43,1,3
345,4,1,308,7.7,1974,73,1431,37,0,4
346,1,0,156,3.3,1020,38,447,57,0,2
347,2,0,62,1.4,542,18,266,46,1,1
348,0,0,156,3.8,866,34,510,26,1,2
349,2,0,303,7.4,2314,66,1387,34,1,4
350,2,0,463,6.9,2111,73,1463,54,1,4
351,0,0,60,1.5,593,14,281,35,0,1
352,0,0,225,4.6,1230,52,954,20,0,3
353,2,0,379,7.5,1823,68,1075,53,0,4
354,1,0,53,1.4,455,14,106,54,0,1
355,2,0,30,1.9,574,19,287,45,1,1
356,4,1,291,4.1,1326,51,905,55,0,3
357,4,1,488,9.5,2840,92,1986,48,0,5
358,0,0,74,2.0,366,13,253,44,0,1
359,2,0,230,4.6,1325,55,845,54,0,3
360,2,0,517,11.8,2435,86,2208,26,1,5
361,1,0,557,10.4,2900,97,1609,22,1,5
362,3,0,78,1.5,341,11,259,38,0,1
363,4,1,321,7.9,2159,64,1499,45,1,4
364,3,0,579,8.6,2539,84,1935,34,1,5
365,1,0,382,7.2,1965,67,1341,22,1,4
366,3,0,516,11.6,2464,82,1767,29,0,5
367,1,0,598,11.2,2876,85,2477,58,0,5
368,1,0,102,3.9,747,36,408,49,0,2
369,4,1,165,2.4,816,35,503,34,1,2
370,4,1,558,9.8,2765,83,1548,25,0,5
371,0,0,561,10.6,2547,86,1823,22,1,5
372,2,0,511,10.9,2514,91,2335,59,0,5
373,0,0,560,11.3,2947,95,1663,25,0,5
374,1,0,69,1.3,434,12,164,42,1,1
375,1,0,44,1.1,531,17,232,26,1,1
376,4,1,65,1.7,490,17,122,51,0,1
377,0,0,458,6.0,1875,63,1072,31,0,4
378,2,0,525,10.8,2445,99,1623,57,1,5
379,1,0,106,3.0,922,22,313,51,1,2
380,4,1,188,4.6,1767,47,653,34,1,3
381,4,1,493,10.4,2453,99,1813,39,1,5
382,1,0,84,1.5,373,19,299,37,0,1
383,1,0,104,2.9,653,35,322,30,1,2
384,2,0,102,3.0,890,38,548,28,1,2
385,4,1,349,6.6,2041,78,1096,40,0,4
386,1,0,98,2.0,925,32,457,28,1,2
387,2,0,72,1.3,461,13,199,32,1,1
388,3,0,563,11.6,2968,92,2191,34,0,5
389,3,0,119,2.8,775,31,313,50,0,2
390,1,0,311,7.9,2231,69,1021,36,1,4
391,1,0,337,6.1,1901,76,1359,58,1,4
392,2,0,168,3.5,1055,29,313,54,1,2
393,4,1,331,7.4,2129,66,1459,53,1,4
394,0,0,589,9.2,2663,84,1774,45,0,5
395,3,0,472,6.8,2288,61,1356,52,1,4
396,3,0,78,1.1,437,14,143,27,0,1
397,4,1,517,11.6,2798,90,2175,20,1,5
398,1,0,41,1.6,323,18,221,43,0,1
399,1,0,49,1.5,571,10,203,29,1,1
400,3,0,522,11.1,2821,86,1891,42,1,5
401,0,0,97,2.7,612,36,508,53,1,2
402,4,1,411,7.4,1960,71,1264,40,1,4
403,2,0,566,8.6,2595,89,1657,51,0,5
404,4,1,559,8.2,2618,84,2102,22,0,5
405,0,0,478,7.3,2340,69,1017,43,0,4
406,3,0,147,3.2,994,33,567,25,0,2
407,1,0,395,7.3,2291,61,1049,55,0,4
408,2,0,357,7.8,2289,74,1242,22,0,4
409,0,0,405,6.9,2366,61,1434,51,1,4
410,2,0,501,11.8,2790,86,2074,31,0,5
411,3,0,575,8.2,2918,88,1928,50,1,5
412,1,0,257,5.1,1692,46,769,52,0,3
413,4,1,270,5.0,1532,51,957,35,1,3
414,0,0,116,2.0,1171,22,573,33,0,2
415,4,1,98,2.3,608,24,394,56,1,2
416,3,0,264,5.1,1293,52,737,27,0,3
417,2,0,572,11.7,2655,91,2481,57,0,5
418,3,0,202,4.9,1549,43,964,27,0,3
419,4,1,83,1.4,454,11,228,46,1,1
420,4,1,32,1.4,416,12,198,56,1,1
421,4,1,168,3.2,716,38,414,43,1,2
422,4,1,416,6.1,2115,71,1041,22,0,4
423,3,0,46,1.1,536,18,167,28,0,1
424,1,0,201,5.0,1482,59,709,24,1,3
425,2,0,130,2.8,1062,24,579,37,1,2
426,1,0,98,2.4,747,36,403,44,0,2
427,1,0,105,3.8,967,28,489,51,1,2
428,3,0,94,2.3,1033,33,369,58,1,2
429,3,0,540,10.1,2757,90,2180,37,1,5
430,4,1,266,5.5,1238,59,839,22,1,3
431,4,1,140,3.8,1137,36,506,53,1,2
432,0,0,534,10.4,2672,90,1702,51,1,5
433,1,0,46,2.0,309,15,116,42,1,1
434,4,1,581,8.4,2591,99,2304,58,1,5
435,3,0,105,3.4,798,21,467,34,0,2
436,1,0,221,4.4,1341,46,862,20,1,3
437,4,1,41,1.7,408,16,291,34,1,1
438,1,0,105,3.0,728,24,343,52,0,2
439,0,0,123,3.9,915,39,468,18,1,2
440,0,0,260,5.7,1725,56,920,36,0,3
441,2,0,223,5.7,1295,44,751,39,1,3
442,0,0,66,1.1,505,17,218,33,1,1
443,4,1,231,4.0,1664,48,724,29,0,3
444,4,1,555,8.8,2540,97,2402,22,1,5
445,2,0,378,7.2,1859,61,1318,58,1,4
446,1,0,546,8.8,2852,81,1641,24,1,5
447,2,0,234,5.2,1604,58,919,58,1,3
448,2,0,152,3.0,617,22,306,22,0,2
449,0,0,34,1.2,518,10,170,20,0,1
450,2,0,179,3.5,1114,30,466,56,1,2
451,1,0,591,11.8,2953,92,1903,52,1,5
452,2,0,120,3.3,734,35,583,26,1,2
453,0,0,88,1.3,557,13,164,43,1,1
454,4,1,143,3.9,1160,24,398,45,1,2
455,4,1,74,1.6,436,13,182,27,0,1
456,4,1,74,1.6,587,15,275,27,0,1
457,1,0,234,4.7,1707,55,871,46,1,3
458,4,1,56,1.0,547,10,142,58,0,1
459,1,0,174,2.4,639,37,545,50,1,2
460,2,0,523,9.0,2696,91,1561,20,0,5
461,2,0,123,3.3,938,36,438,55,1,2
462,2,0,216,5.9,1789,54,987,55,1,3
463,4,1,290,4.6,1694,50,809,23,1,3
464,3,0,68,1.3,583,10,281,26,0,1
465,1,0,265,4.8,1770,51,723,55,0,3
466,2,0,414,7.3,2349,75,1092,51,1,4
467,0,0,238,4.0,1414,47,661,41,0,3
468,3,0,429,7.5,1921,61,1102,46,1,4
469,3,0,39,1.9,541,16,294,37,1,1
470,2,0,248,4.6,1396,52,883,40,1,3
471,3,0,541,9.4,2452,93,1811,53,0,5
472,3,0,139,3.0,697,37,513,26,0,2
473,4,1,289,5.0,1625,45,687,29,1,3
474,3,0,210,4.9,1657,55,765,49,0,3
475,2,0,412,6.2,2201,68,1085,54,0,4
476,0,0,318,6.6,2089,77,1126,49,0,4
477,4,1,258,4.2,1315,44,762,59,0,3
478,1,0,258,4.3,1759,59,718,41,0,3
479,2,0,189,4.8,1681,59,795,57,1,3
480,4,1,155,2.4,954,39,441,51,1,2
481,2,0,528,10.4,2717,87,2140,34,1,5
482,4,1,549,11.1,2851,87,1814,56,1,5
483,3,0,78,1.6,470,18,230,49,0,1
484,4,1,444,6.0,1873,61,1093,39,0,4
485,3,0,80,1.1,417,18,298,36,1,1
486,4,1,131,3.8,739,34,330,57,0,2
487,4,1,228,4.4,1734,46,804,57,0,3
488,3,0,416,7.3,1882,62,1333,32,0,4
489,0,0,586,9.3,2403,94,2332,21,1,5
490,0,0,416,6.1,2279,71,1096,47,1,4
491,4,1,152,3.7,948,22,507,53,0,2
492,3,0,87,1.5,594,19,198,36,0,1
493,1,0,329,6.8,1892,69,1383,23,1,4
494,2,0,107,2.5,1176,24,545,29,0,2
495,0,0,493,10.9,2928,88,2116,57,1,5
496,4,1,182,4.8,1500,51,807,43,0,3
497,4,1,102,2.9,918,37,362,20,0,2
498,0,0,274,4.5,1356,54,869,53,1,3
499,4,1,143,3.6,988,26,504,45,0,2
500,0,0,66,1.3,369,14,195,32,1,1
501,3,0,420,7.7,2017,74,1187,24,0,4
502,3,0,582,8.4,2664,91,2493,55,0,5
503,0,0,200,5.8,1291,50,965,52,1,3
504,0,0,493,8.5,2859,99,2450,47,1,5
505,2,0,348,6.6,2398,66,1415,49,0,4
506,3,0,238,5.1,1408,45,941,27,1,3
507,3,0,33,2.0,318,11,173,42,0,1
508,0,0,267,5.9,1740,45,791,22,1,3
509,4,1,492,10.0,2513,90,1968,31,1,5
510,0,0,241,5.3,1767,58,976,38,0,3
511,2,0,567,10.8,2911,89,1682,39,1,5
512,2,0,36,1.6,442,17,249,34,1,1
513,1,0,110,3.4,975,31,507,57,0,2
514,2,0,466,7.1,1984,73,1461,54,1,4
515,1,0,126,2.2,1187,28,599,25,1,2
516,3,0,120,3.8,940,36,535,44,1,2
517,4,1,64,1.2,592,19,218,25,1,1
518,1,0,574,8.5,2780,87,1809,34,0,5
519,1,0,119,2.2,1123,22,371,51,1,2
520,1,0,350,6.5,2364,75,1485,20,1,4
521,0,0,69,1.1,535,17,250,25,1,1
522,3,0,438,6.5,1849,64,1125,49,0,4
523,2,0,506,11.2,2623,98,2460,48,1,5
524,2,0,272,5.2,1390,45,792,57,0,3
525,2,0,224,4.5,1646,57,665,59,1,3
526,0,0,99,2.4,689,36,318,29,0,2
527,4,1,44,1.2,466,10,131,57,0,1
528,0,0,175,3.0,801,32,338,24,1,2
529,0,0,228,4.8,1639,47,796,42,0,3
530,3,0,589,11.8,2629,86,2479,43,0,5
531,1,0,339,7.9,1987,66,1191,47,1,4
532,4,1,431,6.4,2206,66,1200,23,0,4
533,3,0,190,4.7,1276,57,915,22,0,3
534,1,0,389,6.1,2087,67,1383,30,1,4
535,2,0,139,3.3,937,24,573,25,0,2
536,2,0,289,5.9,1528,48,915,30,1,3
537,2,0,593,11.1,2672,82,2258,34,0,5
538,0,0,576,9.5,2638,98,2281,38,0,5
539,1,0,592,9.4,2867,95,1701,27,0,5
540,4,1,567,10.5,2817,89,2194,52,1,5
541,4,1,170,2.5,740,21,537,25,0,2
542,0,0,242,5.4,1307,48,642,28,1,3
543,2,0,275,5.5,1616,48,656,55,1,3
544,0,0,544,9.7,2633,97,1727,28,0,5
545,1,0,50,2.0,362,17,182,34,0,1
546,1,0,236,4.6,1750,45,971,21,0,3
547,4,1,139,2.6,658,33,358,58,0,2
548,0,0,383,6.6,2155,74,1360,45,1,4
549,2,0,172,4.0,1047,32,508,21,0,2
550,3,0,455,6.2,1984,72,1287,42,1,4
551,2,0,157,2.5,1110,30,373,37,0,2
552,4,1,173,3.8,605,23,583,32,1,2
553,2,0,405,7.3,2082,75,1162,37,0,4
554,4,1,387,6.6,2168,61,1246,19,0,4
555,3,0,201,4.9,1633,41,972,32,0,3
556,4,1,142,3.5,625,25,370,40,0,2
557,2,0,198,4.2,1392,43,640,27,1,3
558,0,0,361,7.6,2037,65,1056,55,1,4
559,1,0,553,11.6,2914,81,1860,47,1,5
560,2,0,408,6.2,2245,69,1103,38,0,4
561,3,0,121,2.1,1188,21,578,18,1,2
562,0,0,71,1.4,508,15,265,33,0,1
563,4,1,46,1.6,440,10,265,31,1,1
564,3,0,290,4.4,1272,55,910,44,1,3
565,2,0,60,1.3,462,15,296,40,1,1
566,0,0,116,3.9,1132,26,498,35,0,2
567,1,0,86,1.7,312,16,227,32,1,1
568,0,0,291,5.3,1537,43,700,49,0,3
569,0,0,404,6.6,2181,77,1327,18,1,4
570,1,0,441,7.1,1928,74,1421,57,1,4
571,0,0,444,6.1,2229,73,1194,25,0,4
572,1,0,211,5.9,1757,42,864,56,0,3
573,2,0,537,9.1,2858,86,2158,22,1,5
574,3,0,519,10.9,2571,93,2163,47,0,5
575,2,0,94,3.5,606,30,446,49,1,2
576,0,0,554,10.3,2776,83,1606,34,0,5
577,4,1,381,7.5,2216,66,1291,37,0,4
578,1,0,257,6.0,1715,49,916,40,0,3
579,2,0,47,1.1,532,18,122,36,1,1
580,4,1,527,10.0,2430,82,1737,27,0,5
581,2,0,148,2.7,625,34,416,27,1,2
582,4,1,191,5.7,1414,53,991,19,0,3
583,0,0,71,1.9,571,10,117,43,0,1
584,1,0,73,1.3,538,19,175,30,0,1
585,1,0,149,3.1,1191,28,563,29,1,2
586,3,0,197,4.4,1665,44,608,43,0,3
587,2,0,328,6.1,1975,72,1101,24,1,4
588,1,0,424,7.5,1995,75,1228,36,1,4
589,2,0,111,3.6,627,26,464,39,0,2
590,2,0,159,3.7,630,33,575,30,1,2
591,0,0,580,11.5,2767,84,2341,36,0,5
592,2,0,379,7.7,1809,64,1050,22,0,4
593,2,0,217,4.2,1500,42,677,26,0,3
594,3,0,447,6.3,1959,63,1441,48,1,4
595,1,0,512,10.5,2538,82,1694,41,1,5
596,3,0,511,10.8,2529,91,2387,21,1,5
597,1,0,140,2.5,825,31,347,59,1,2
598,2,0,114,3.0,1131,31,596,28,1,2
599,2,0,192,4.3,1382,42,905,47,0,3
600,4,1,325,6.0,2244,70,1296,30,0,4
601,1,0,83,1.2,545,15,284,44,1,1
602,1,0,122,3.0,922,32,373,43,1,2
603,1,0,138,2.1,660,22,424,41,0,2
604,1,0,182,5.3,1278,42,885,54,0,3
605,1,0,425,6.0,1928,72,1150,53,0,4
606,1,0,580,10.4,2496,81,2441,37,0,5
607,3,0,203,4.0,1323,56,787,21,1,3
608,3,0,258,4.9,1596,56,937,40,0,3
609,4,1,551,8.5,2927,92,1901,51,1,5
610,4,1,507,9.6,2606,95,1543,48,1,5
611,3,0,57,1.3,489,16,131,37,1,1
612,3,0,553,10.2,2911,82,2441,44,1,5
613,0,0,49,1.1,395,16,153,46,0,1
614,2,0,106,4.0,1158,23,493,18,1,2
615,0,0,119,3.7,608,36,461,52,1,2
616,1,0,288,5.4,1476,49,767,36,0,3
617,0,0,225,5.6,1388,55,965,36,0,3
618,1,0,342,7.0,1826,71,1077,26,0,4
619,2,0,292,4.2,1407,54,867,59,1,3
620,4,1,218,5.0,1475,46,972,59,0,3
621,0,0,64,1.8,351,15,274,56,1,1
622,3,0,453,7.4,2363,65,1046,41,0,4
623,1,0,42,1.8,417,15,284,21,1,1
624,2,0,36,1.5,310,15,272,45,1,1
625,1,0,55,1.8,328,12,196,31,0,1
626,4,1,210,5.0,1614,53,679,55,0,3
627,4,1,227,5.2,1446,46,920,59,1,3
628,3,0,47,1.2,437,18,234,55,1,1
629,4,1,461,6.3,1988,62,1004,21,1,4
630,0,0,94,3.1,1078,38,489,25,1,2
631,2,0,216,5.1,1483,54,977,45,0,3
632,4,1,496,10.2,2587,84,1921,56,0,5
633,1,0,138,3.2,1142,31,366,29,0,2
634,4,1,318,6.6,2055,67,1253,43,1,4
635,2,0,96,3.4,1198,39,401,48,0,2
636,1,0,510,10.7,2433,90,1729,47,1,5
637,3,0,83,1.1,546,10,289,32,0,1
638,0,0,417,6.2,2074,63,1135,35,0,4
639,0,0,538,9.8,2778,91,2080,35,0,5
640,2,0,63,1.8,321,11,271,42,1,1
641,1,0,50,1.4,443,16,255,26,0,1
642,0,0,502,8.2,2597,90,1553,27,1,5
643,1,0,105,3.3,723,35,566,46,1,2
644,0,0,186,4.8,1494,53,949,20,0,3
645,3,0,174,2.9,1197,23,345,20,0,2
646,2,0,89,1.3,314,16,201,58,0,1
647,4,1,66,1.5,565,17,283,42,0,1
648,4,1,389,6.3,2294,76,1334,53,1,4
649,3,0,186,5.4,1627,58,790,31,0,3
650,0,0,149,2.0,1041,39,356,49,1,2
651,4,1,69,1.7,519,10,167,51,0,1
652,3,0,206,5.2,1632,47,694,30,1,3
653,2,0,49,1.2,365,19,144,29,1,1
654,0,0,594,10.5,2839,91,1647,56,1,5
655,0,0,104,3.7,1028,29,493,39,1,2
656,0,0,262,5.6,1489,59,628,54,0,3
657,3,0,278,5.3,1368,56,894,40,0,3
658,3,0,463,6.8,2358,68,1236,43,0,4
659,3,0,505,9.6,2464,91,2375,35,1,5
660,0,0,50,1.5,387,12,146,59,1,1
661,3,0,138,3.1,947,29,545,48,1,2
662,3,0,130,3.2,1189,37,448,45,1,2
663,0,0,469,6.4,1858,78,1297,55,0,4
664,3,0,555,10.3,2568,83,2003,52,1,5
665,4,1,198,5.4,1544,53,635,53,1,3
666,2,0,529,11.4,2891,82,1845,46,1,5
667,2,0,205,5.5,1699,49,729,36,1,3
668,4,1,170,2.4,1039,38,334,23,1,2
669,2,0,160,3.2,648,31,339,27,0,2
670,4,1,81,1.6,387,13,224,48,1,1
671,0,0,468,7.3,1937,64,1209,22,1,4
672,3,0,500,11.2,2925,84,2438,27,1,5
673,0,0,37,1.6,490,18,216,52,1,1
674,3,0,522,11.4,2776,93,1768,27,0,5
675,3,0,81,1.5,545,17,159,40,1,1
676,1,0,141,3.8,689,38,576,34,1,2
677,2,0,115,3.5,706,26,495,52,0,2
678,0,0,298,4.6,1525,59,814,36,0,3
679,4,1,33,1.8,334,16,113,36,0,1
680,0,0,307,6.1,2105,76,1111,25,0,4
681,3,0,380,7.6,2354,77,1191,30,1,4
682,3,0,190,5.5,1718,58,815,42,1,3
683,2,0,75,1.6,325,12,225,45,1,1
684,0,0,218,4.0,1221,47,822,25,1,3
685,3,0,412,6.6,1859,67,1393,18,1,4
686,0,0,335,7.7,2037,68,1007,18,1,4
687,1,0,387,6.3,2098,61,1178,54,1,4
688,0,0,261,4.9,1589,56,824,52,0,3
689,2,0,541,9.5,2424,98,1550,32,1,5
690,0,0,195,5.7,1447,48,679,30,1,3
691,4,1,178,4.0,856,37,569,51,0,2
692,3,0,378,6.7,1898,78,1455,48,0,4
693,3,0,505,8.6,2792,82,1709,31,1,5
694,2,0,564,9.7,2422,83,1985,34,0,5
695,4,1,92,3.9,1082,26,381,22,1,2
696,3,0,316,6.8,1965,68,1201,59,1,4
697,0,0,99,3.1,942,22,457,50,0,2
698,2,0,62,1.7,431,13,224,44,1,1
699,1,0,212,5.4,1306,49,828,23,0,3
